C 1  8       0.000   0.200   0.400   0.600   0.800   1.000   1.500   2.000
C    0.000   0.670   0.685   0.710   0.740   0.770   0.795   0.840   0.870
C    0.100   0.670   0.685   0.710   0.740   0.770   0.795   0.840   0.870
C    0.200   0.670   0.685   0.710   0.740   0.770   0.795   0.845   0.875
C    0.300   0.680   0.695   0.725   0.760   0.790   0.830   0.865   0.885
C    0.400   0.690   0.710   0.750   0.780   0.820   0.860   0.890   0.900
C    0.500   0.705   0.750   0.780   0.820   0.850   0.890   0.910   0.920
C    0.600   0.725   0.780   0.820   0.860   0.880   0.920   0.935   0.940
C    0.700   0.750   0.820   0.860   0.890   0.915   0.940   0.950   0.955
C    0.800   0.790   0.860   0.905   0.930   0.950   0.960   0.960   0.960
C    0.900   0.840   0.920   0.950   0.960   0.970   0.980   0.980   0.980
C    1.000   1.000   1.000   1.000   1.000   1.000   1.000   1.000   1.000
C 2  7       0.000   0.250   0.500   0.750   1.000   1.500   2.000
C    0.000   0.750   0.775   0.800   0.825   0.860   0.885   0.900        
C    0.100   0.755   0.780   0.800   0.825   0.865   0.890   0.900        
C    0.200   0.760   0.790   0.810   0.835   0.870   0.895   0.905        
C    0.300   0.775   0.795   0.830   0.850   0.880   0.900   0.910        
C    0.400   0.790   0.810   0.850   0.870   0.895   0.920   0.930        
C    0.500   0.810   0.835   0.870   0.895   0.915   0.935   0.945        
C    0.600   0.830   0.865   0.895   0.920   0.930   0.950   0.960        
C    0.700   0.850   0.890   0.925   0.940   0.960   0.965   0.970        
C    0.800   0.880   0.930   0.960   0.965   0.980   0.980   0.980        
C    0.900   0.930   0.970   0.980   0.985   0.990   0.990   0.990        
C    1.000   1.000   1.000   1.000   1.000   1.000   1.000   1.000        
C 3  5       0.000   0.500   1.000   1.500   2.000
C    0.000   0.780   0.810   0.850   0.880   0.895           
C    0.100   0.785   0.815   0.855   0.880   0.895           
C    0.200   0.790   0.820   0.860   0.890   0.900           
C    0.300   0.810   0.840   0.880   0.905   0.920           
C    0.400   0.840   0.870   0.900   0.920   0.940           
C    0.500   0.860   0.895   0.920   0.950   0.955           
C    0.600   0.895   0.920   0.950   0.970   0.970           
C    0.700   0.915   0.945   0.970   0.980   0.980           
C    0.800   0.945   0.970   0.990   0.990   0.990           
C    0.900   0.970   0.985   1.000   1.000   1.000           
C    1.000   1.000   1.000   1.000   1.000   1.000   
C 4  8       0.000   0.200   0.400   0.600   0.800   1.000   1.500   2.000
C    0.000   0.695   0.710   0.740   0.760   0.790   0.810   0.865   0.880
C    0.100   0.695   0.710   0.740   0.765   0.795   0.815   0.865   0.885
C    0.200   0.695   0.715   0.745   0.770   0.800   0.820   0.870   0.890
C    0.300   0.695   0.720   0.750   0.780   0.810   0.835   0.880   0.895
C    0.400   0.700   0.730   0.760   0.790   0.825   0.860   0.890   0.905
C    0.500   0.710   0.745   0.780   0.810   0.850   0.890   0.905   0.920
C    0.600   0.725   0.770   0.800   0.835   0.880   0.910   0.935   0.950
C    0.700   0.750   0.790   0.830   0.875   0.910   0.940   0.960   0.970
C    0.800   0.790   0.840   0.890   0.925   0.955   0.985   0.985   0.990
C    0.900   0.860   0.915   0.950   0.970   0.985   1.000   1.000   1.000
C    1.000   1.000   1.000   1.000   1.000   1.000   1.000   1.000   1.000
C 5  8       0.000   0.200   0.400   0.600   0.800   1.000   1.500   2.000
C    0.000   0.700   0.720   0.750   0.765   0.800   0.830   0.880   0.890
C    0.100   0.700   0.720   0.750   0.770   0.800   0.835   0.880   0.890
C    0.200   0.700   0.725   0.755   0.780   0.805   0.840   0.880   0.895
C    0.300   0.705   0.730   0.760   0.790   0.815   0.850   0.885   0.900
C    0.400   0.710   0.740   0.775   0.800   0.830   0.865   0.895   0.905
C    0.500   0.720   0.760   0.795   0.820   0.850   0.890   0.910   0.920
C    0.600   0.745   0.785   0.810   0.850   0.880   0.905   0.935   0.940
C    0.700   0.780   0.815   0.840   0.890   0.920   0.945   0.970   0.970
C    0.800   0.815   0.860   0.895   0.925   0.950   0.985   0.990   0.990
C    0.900   0.895   0.920   0.950   0.970   0.985   0.990   1.000   1.000
C    1.000   1.000   1.000   1.000   1.000   1.000   1.000   1.000   1.000
C 6  8       0.000   0.200   0.400   0.600   0.800   1.000   1.500   2.000
C    0.000   0.700   0.720   0.750   0.740   0.810   0.835   0.880   0.890
C    0.100   0.700   0.720   0.750   0.740   0.810   0.840   0.880   0.890
C    0.200   0.700   0.725   0.755   0.740   0.815   0.845   0.880   0.895
C    0.300   0.700   0.730   0.760   0.760   0.820   0.850   0.885   0.900
C    0.400   0.705   0.740   0.770   0.780   0.835   0.860   0.890   0.905
C    0.500   0.720   0.760   0.790   0.820   0.850   0.885   0.905   0.920
C    0.600   0.750   0.785   0.810   0.860   0.880   0.905   0.925   0.940
C    0.700   0.785   0.815   0.850   0.890   0.910   0.940   0.950   0.965
C    0.800   0.830   0.860   0.890   0.930   0.950   0.980   0.980   0.990
C    0.900   0.900   0.920   0.945   0.960   0.985   1.000   1.000   1.000
C    1.000   1.000   1.000   1.000   1.000   1.000   1.000   1.000   1.000
C 7  7       0.000   0.200   0.400   0.600   1.000   1.500   2.000
C    0.000   0.700   0.730   0.775   0.810   0.860   0.885   0.900   
C    0.100   0.700   0.730   0.775   0.810   0.860   0.885   0.900   
C    0.200   0.700   0.735   0.780   0.815   0.865   0.890   0.905   
C    0.300   0.700   0.745   0.790   0.835   0.880   0.905   0.915   
C    0.400   0.705   0.760   0.805   0.860   0.900   0.925   0.930   
C    0.500   0.720   0.780   0.830   0.885   0.920   0.945   0.955   
C    0.600   0.740   0.800   0.860   0.910   0.950   0.965   0.970   
C    0.700   0.760   0.820   0.890   0.940   0.970   0.975   0.980   
C    0.800   0.795   0.860   0.925   0.970   0.990   0.990   0.990   
C    0.900   0.860   0.910   0.970   0.990   0.995   0.995   0.995   
C    1.000   1.000   1.000   1.000   1.000   1.000   1.000   1.000   
C 8  10      0.000   0.100   0.200   0.300   0.400   0.500   0.700   1.000   1.500  2.000
C    0.000   0.675   0.700   0.720   0.750   0.780   0.800   0.820   0.850   0.885  0.895
C    0.100   0.675   0.700   0.725   0.750   0.780   0.800   0.820   0.850   0.885  0.895
C    0.200   0.675   0.700   0.730   0.755   0.780   0.800   0.825   0.855   0.885  0.895
C    0.300   0.680   0.705   0.735   0.760   0.785   0.800   0.830   0.860   0.890  0.900
C    0.400   0.690   0.715   0.750   0.770   0.795   0.810   0.850   0.870   0.895  0.905
C    0.500   0.710   0.735   0.780   0.795   0.820   0.830   0.750   0.890   0.915  0.920
C    0.600   0.750   0.780   0.805   0.835   0.855   0.880   0.900   0.920   0.940  0.950
C    0.700   0.805   0.830   0.850   0.875   0.895   0.910   0.935   0.950   0.960  0.970
C    0.800   0.865   0.885   0.800   0.920   0.935   0.950   0.975   0.980   0.980  0.990
C    0.900   0.935   0.935   0.950   0.960   0.975   0.980   0.990   0.990   0.995  0.995
C    1.000   1.000   1.000   1.000   1.000   1.000   1.000   1.000   1.000   1.000  1.000
F    0.000   0.100   0.200   0.300   0.400   0.500   0.600   0.700   0.800    
F    0.900   0.910   0.930   0.955   0.980   1.000   1.030   1.070   1.100
W            0.200   0.400   0.500   0.600   0.700   0.800   0.900
W     30.0   1.000   1.000   1.000   1.000   1.000   1.000   1.000   
W     35.0   1.035   1.025   1.015   1.010   1.008   1.005   1.003   
W     40.0   1.043   1.034   1.027   1.021   1.015   1.010   1.005   
W     45.0   1.064   1.053   1.043   1.034   1.025   1.017   1.010   
W     50.0   1.080   1.066   1.053   1.040   1.029   1.020   1.015   
W     55.0   1.015   1.086   1.068   1.052   1.037   1.025   1.016   
W     60.0   1.128   1.106   1.084   1.062   1.044   1.030   1.020
P      1     0.000   10.00   20.00   30.00   45.00   
P    0.000   1.000   1.000   1.000   1.000   1.000   
P    0.100   1.000   1.000   1.000   1.000   1.000   
P    0.200   1.000   1.000   1.000   1.000   1.000   
P    0.300   1.000   1.000   1.000   1.000   1.000   
P    0.400   1.000   1.000   1.000   1.000   0.975   
P    0.500   1.000   1.000   1.000   1.000   0.920   
P    0.600   1.000   1.000   1.000   0.960   0.870   
P    0.700   1.000   1.000   0.970   0.900   0.820   
P    0.800   1.000   1.000   0.940   0.870   0.780   
P    0.900   1.000   0.990   0.940   0.870   0.735   
P    1.000   1.000   0.990   0.940   0.870   0.700
P    2       0.000   10.00   20.00   30.00   45.00   
P    0.000   1.000   1.000   1.000   1.000   1.000   
P    0.100   1.000   1.000   1.000   1.000   1.000   
P    0.200   1.000   1.000   1.000   1.000   1.000   
P    0.300   1.000   1.000   1.000   1.000   0.995   
P    0.400   1.000   1.000   1.000   1.000   0.940   
P    0.500   1.000   1.000   1.000   0.950   0.890   
P    0.600   1.000   1.000   0.970   0.910   0.840   
P    0.700   1.000   1.000   0.955   0.890   0.795   
P    0.800   1.000   0.980   0.950   0.870   0.750   
P    0.900   1.000   0.980   0.950   0.870   0.720   
P    1.000   1.000   0.980   0.950   0.870   0.700
P    3       0.000   10.00   20.00   30.00   45.00   
P    0.000   1.000   1.000   1.000   1.000   1.000   
P    0.100   1.000   1.000   1.000   1.000   1.000   
P    0.200   1.000   1.000   1.000   1.000   1.000   
P    0.300   1.000   1.000   1.000   1.000   0.970   
P    0.400   1.000   1.000   1.000   0.960   0.905   
P    0.500   1.000   1.000   0.975   0.910   0.860   
P    0.600   1.000   1.000   0.950   0.880   0.805   
P    0.700   1.000   0.995   0.945   0.870   0.770   
P    0.800   1.000   0.990   0.945   0.870   0.730   
P    0.900   1.000   0.990   0.945   0.870   0.710   
P    1.000   1.000   0.990   0.945   0.870   0.700  
P    4       0.000   10.00   20.00   30.00   45.00   
P    0.000   1.000   1.000   1.000   1.000   1.000   
P    0.100   1.000   1.000   1.000   1.000   1.000   
P    0.200   1.000   1.000   1.000   1.000   1.000   
P    0.300   1.000   1.000   1.000   1.000   0.995   
P    0.400   1.000   1.000   1.000   1.000   0.940   
P    0.500   1.000   1.000   1.000   0.960   0.890   
P    0.600   1.000   1.000   0.980   0.920   0.840   
P    0.700   1.000   1.000   0.955   0.890   0.795   
P    0.800   1.000   0.990   0.940   0.870   0.750   
P    0.900   1.000   0.990   0.940   0.870   0.720   
P    1.000   1.000   0.990   0.940   0.870   0.700
P    5       0.000   10.00   20.00   30.00   45.00   
P    0.000   1.000   1.000   1.000   1.000   1.000   
P    0.100   1.000   1.000   1.000   1.000   1.000   
P    0.200   1.000   1.000   1.000   1.000   1.000   
P    0.300   1.000   1.000   1.000   1.000   0.985   
P    0.400   1.000   1.000   1.000   1.000   0.915   
P    0.500   1.000   1.000   1.000   0.990   0.870   
P    0.600   1.000   1.000   0.970   0.940   0.820   
P    0.700   1.000   1.000   0.945   0.900   0.780   
P    0.800   1.000   0.990   0.940   0.880   0.740   
P    0.900   1.000   0.990   0.940   0.870   0.710   
P    1.000   1.000   0.990   0.940   0.870   0.700        
P    6       0.000   10.00   20.00   30.00   45.00   
P    0.000   1.000   1.000   1.000   1.000   1.000   
P    0.100   1.000   1.000   1.000   1.000   1.000   
P    0.200   1.000   1.000   1.000   1.000   1.000   
P    0.300   1.000   1.000   1.000   1.000   0.970   
P    0.400   1.000   1.000   1.000   0.960   0.905   
P    0.500   1.000   1.000   0.980   0.910   0.855   
P    0.600   1.000   1.000   0.960   0.880   0.805   
P    0.700   1.000   0.995   0.950   0.870   0.765   
P    0.800   1.000   0.990   0.945   0.870   0.730   
P    0.900   1.000   0.990   0.945   0.870   0.710   
P    1.000   1.000   0.990   0.945   0.870   0.700   
P    7       0.000   10.00   20.00   30.00   45.00   
P    0.000   1.000   1.000   1.000   1.000   1.000   
P    0.100   1.000   1.000   1.000   1.000   1.000   
P    0.200   1.000   1.000   1.000   1.000   1.000   
P    0.300   1.000   1.000   1.000   1.000   0.970   
P    0.400   1.000   1.000   1.000   1.000   0.940   
P    0.500   1.000   1.000   1.000   0.960   0.890   
P    0.600   1.000   1.000   0.980   0.920   0.835   
P    0.700   1.000   1.000   0.955   0.890   0.795   
P    0.800   1.000   0.990   0.940   0.870   0.750   
P    0.900   1.000   0.990   0.940   0.870   0.720   
P    1.000   1.000   0.990   0.940   0.870   0.700   
P    8       0.000   10.00   20.00   30.00   45.00   
P    0.000   1.000   1.000   1.000   1.000   1.000   
P    0.100   1.000   1.000   1.000   1.000   1.000   
P    0.200   1.000   1.000   1.000   1.000   1.000   
P    0.300   1.000   1.000   1.000   1.000   0.970   
P    0.400   1.000   1.000   1.000   1.000   0.905   
P    0.500   1.000   1.000   1.000   0.960   0.855   
P    0.600   1.000   1.000   0.975   0.910   0.805   
P    0.700   1.000   0.995   0.955   0.885   0.765   
P    0.800   1.000   0.990   0.950   0.870   0.730   
P    0.900   1.000   0.990   0.945   0.870   0.705   
P    1.000   1.000   0.990   0.945   0.870   0.700   
Y    2       0.030   0.050   0.070   0.100   0.150   0.200
Y    0.000   0.855   0.890   0.910   0.940   0.985   1.000
Y    0.100   0.860   0.890   0.910   0.945   0.985   1.000
Y    0.200   0.865   0.890   0.910   0.950   0.985   1.000
Y    0.300   0.870   0.895   0.915   0.955   0.985   1.000
Y    0.400   0.875   0.987   0.930   0.960   0.990   1.000 
Y    0.500   0.890   0.905   0.940   0.970   0.995   1.000
Y    0.600   0.900   0.930   0.960   0.985   1.000   1.000
Y    0.700   0.920   0.960   0.975   0.995   1.000   1.000
Y    0.800   0.940   0.970   0.990   0.997   1.000   1.000
Y    0.900   0.970   0.990   0.995   1.000   1.000   1.000
Y    1.000   1.000   1.000   1.000   1.000   1.000   1.000
Y    3       0.030   0.050   0.070   0.100   0.150   0.200
Y    0.000   0.885   0.910   0.945   0.965   0.994   1.000
Y    0.100   0.885   0.910   0.945   0.965   0.994   1.000
Y    0.200   0.885   0.910   0.945   0.965   0.994   1.000
Y    0.300   0.885   0.910   0.945   0.965   0.994   1.000
Y    0.400   0.885   0.910   0.945   0.965   0.994   1.000
Y    0.500   0.885   0.910   0.950   0.965   0.995   1.000
Y    0.600   0.895   0.930   0.955   0.970   0.995   1.000
Y    0.700   0.905   0.940   0.960   0.985   0.996   1.000
Y    0.800   0.940   0.970   0.985   0.995   0.998   1.000
Y    0.900   0.970   0.990   0.995   1.000   1.000   1.000
Y    1.000   1.000   1.000   1.000   1.000   1.000   1.000
X    4   8   0.000   0.200   0.500  
X    0.000   1.000   1.000   1.000   
X    0.020   1.020   1.020   1.030   
X    0.040   1.045   1.050   1.075   
X    0.060   1.070   1.070   1.105   
X    0.080   1.095   1.100   1.135    
X    0.100   1.100   1.145   1.170   
X    0.120   1.130   1.160   1.190   
X    0.140   1.140   1.170   1.195                   
X 5   11     0.000   0.200   0.500  
X    0.000   1.000   1.000   1.000   
X    0.020   1.010   1.015   1.020   
X    0.040   1.030   1.030   1.040   
X    0.060   1.040   1.050   1.060   
X    0.080   1.056   1.070   1.080    
X    0.100   1.070   1.085   1.090   
X    0.120   1.082   1.090   1.115   
X    0.140   1.090   1.100   1.118   
X    0.160   1.092   1.102   1.120   
X    0.180   1.095   1.105   1.122   
X    0.200   1.100   1.110   1.125   
X 6   8      0.000   0.200   0.500  
X    0.000   1.000   1.000   1.000   
X    0.050   1.010   1.010   1.010   
X    0.100   1.030   1.030   1.030   
X    0.150   1.045   1.045   1.045   
X    0.200   1.060   1.060   1.060    
X    0.250   1.070   1.070   1.070   
X    0.300   1.075   1.075   1.075   
X    0.350   1.080   1.080   1.080         
J            0.000   0.250   0.500   0.750   1.000   1.500   2.000   
J    0.000   1.000   1.000   1.000   1.000   1.000   1.000   1.000   
J    0.100   1.000   0.995   0.980   0.970   0.960   0.920   0.900   
J    0.200   1.000   0.990   0.970   0.945   0.920   0.880   0.835   
J    0.300   1.000   0.985   0.950   0.925   0.900   0.850   0.800   
J    0.400   1.000   0.980   0.945   0.915   0.895   0.830   0.780   
J    0.500   1.000   0.975   0.940   0.910   0.890   0.820   0.770   
J    0.600   1.000   0.975   0.940   0.905   0.890   0.820   0.760   
J    0.700   1.000   0.975   0.940   0.905   0.890   0.820   0.760   
J    0.800   1.000   0.975   0.940   0.905   0.890   0.820   0.760
K            0.020   0.040   0.060   0.080   0.100   0.120   0.140   0.160   0.180   0.200
K    0.700   0.930   0.880   0.820   0.780   0.700   0.700   0.700   0.700   0.700   0.700
K    0.800   0.950   0.920   0.870   0.835   0.800   0.760   0.710   0.700   0.700   0.700
K    0.900   0.985   0.950   0.935   0.915   0.900   0.880   0.860   0.820   0.800   0.780
K    1.000   1.000   1.000   1.000   1.000   1.000   1.000   1.000   1.000   1.000   1.000
Z             